0 0.649524 0.571679 0.522449 0.713605 0.751111 0.446667
0.649524 0 0.695489 0.76644 0.529025 0.190476 0.625
0.571679 0.695489 0 0.384712 0.385464 0.68797 0.203704
0.522449 0.76644 0.384712 0 0.570748 0.814059 0.166667
0.713605 0.529025 0.385464 0.570748 0 0.445125 0.573333
0.751111 0.190476 0.68797 0.814059 0.445125 0 0.733333
0.446667 0.625 0.203704 0.166667 0.573333 0.733333 0
